254
254
255
255
255
255
255
255
255
255
255
255
255
254
254
255
255
255
255
255
254
255
255
255
254
254
255
254
255
255
254
254
255
209
152
156
156
156
156
156
156
152
185
254
182
166
198
147
227
251
222
160
208
212
160
201
249
170
232
233
158
152
192
254
255
175
75
82
82
82
82
81
82
75
140
188
104
138
100
148
236
225
128
145
180
132
125
218
166
173
225
136
81
74
145
255
255
179
82
88
88
89
88
88
84
115
223
147
98
149
69
192
135
114
152
181
174
98
158
174
92
208
138
82
110
167
189
255
255
179
81
88
88
88
88
87
84
142
188
98
151
110
134
106
142
159
181
168
105
126
232
134
81
112
87
108
171
110
161
255
255
179
81
88
88
88
88
85
126
232
161
95
172
169
176
165
176
180
172
147
92
154
170
85
99
142
108
173
206
121
143
255
255
177
77
87
88
88
85
125
228
174
106
175
177
179
180
182
179
175
161
124
110
227
171
88
155
121
150
205
168
69
140
255
255
196
123
98
85
88
126
229
181
95
122
177
178
181
156
151
174
179
172
155
120
129
228
135
98
150
188
182
82
172
199
255
255
216
217
182
99
91
214
179
110
163
148
172
178
150
124
80
160
180
174
160
159
94
156
182
129
174
208
197
112
135
194
254
255
185
132
223
140
89
201
75
105
114
110
146
136
125
218
140
164
179
179
172
157
123
124
219
123
127
181
198
199
109
163
255
254
226
102
166
142
88
210
140
57
89
142
93
97
203
215
173
176
178
176
162
154
161
84
171
187
95
111
158
224
160
115
255
255
188
128
217
139
82
220
223
65
125
163
147
150
199
175
174
182
179
163
153
155
156
128
120
214
120
146
187
214
191
187
255
255
154
148
185
96
166
226
135
141
173
173
180
181
177
179
175
102
87
108
155
155
155
161
80
184
124
198
208
180
214
239
254
255
225
222
138
159
233
132
145
181
179
178
179
176
175
174
102
116
126
137
155
154
155
158
82
187
121
120
184
111
144
166
255
255
241
240
139
189
134
145
178
171
178
175
170
127
90
80
123
155
152
150
150
154
154
158
87
181
216
117
135
77
89
154
254
255
162
155
147
189
126
151
166
109
177
143
78
105
150
143
141
123
79
76
105
156
154
155
149
88
212
221
112
63
120
240
255
255
153
145
145
167
230
128
141
145
133
119
145
119
148
119
91
52
45
79
134
155
154
155
156
76
205
244
184
78
122
251
255
255
152
146
179
95
176
227
118
115
86
135
121
136
119
108
206
125
88
85
142
155
154
154
155
79
213
232
101
134
110
249
255
255
173
121
224
133
76
172
226
122
111
112
103
101
160
192
187
197
211
95
154
155
154
155
155
120
162
168
128
150
112
254
255
255
213
89
170
196
158
151
163
192
220
133
130
204
146
78
81
100
199
88
154
155
155
155
155
172
69
104
190
187
84
192
255
254
207
128
132
140
141
226
179
159
153
158
162
163
112
85
86
103
197
79
154
155
155
155
154
168
75
163
196
121
62
156
255
255
212
160
129
105
104
117
146
229
179
181
130
75
86
88
83
100
197
80
155
156
155
154
164
173
84
193
200
65
126
203
255
255
217
171
171
174
160
120
112
107
107
160
231
132
82
88
170
203
205
78
154
155
154
153
170
178
149
107
102
132
172
205
254
255
216
175
178
178
173
174
155
131
120
66
159
226
207
202
225
134
97
73
155
155
153
164
176
179
176
75
75
174
176
204
254
255
217
174
178
178
177
177
175
173
161
161
118
162
240
140
101
149
137
93
155
155
154
169
178
177
179
152
77
163
168
206
254
255
216
174
177
177
177
179
181
175
156
166
173
125
78
126
168
175
82
145
154
154
165
177
177
178
179
171
85
61
94
194
255
255
216
174
177
178
179
154
149
156
180
175
150
119
82
74
139
172
88
151
158
165
178
178
178
177
178
179
156
84
104
139
255
255
216
174
178
178
149
92
82
96
143
140
113
78
143
180
98
82
151
164
178
178
178
178
177
177
178
179
164
111
144
190
254
255
216
174
177
181
83
156
184
165
103
89
132
184
180
172
159
152
135
175
178
178
178
178
178
178
178
177
179
172
142
187
254
255
215
171
176
131
114
166
176
176
176
167
165
163
163
153
151
141
83
170
176
175
174
175
175
175
175
175
175
178
144
152
255
255
234
212
215
169
201
217
215
215
212
203
203
202
203
204
204
199
174
213
215
214
214
214
214
215
214
215
215
217
194
195
255
255
254
255
255
255
255
255
255
255
255
255
255
255
255
255
255
255
255
255
255
255
255
255
255
255
255
255
255
255
255
255
255
